denom_pi: 1.0458e+07
denom_K: 1.69104e+06
denom_p: 889184
denom_allcharges: 1.30382e+07
denom_allcharges_phi0: 1.14129e+06
denom_allcharges_phi45: 2.16574e+06
denom_allcharges_phi90 1.03756e+06
