denom_pi: 5.33088e+06
denom_K: 1.1952e+06
denom_p: 398880
denom_allcharges: 7.992e+06
denom_allcharges_phi0: 743760
denom_allcharges_phi45: 1.35144e+06
denom_allcharges_phi90 637200
