denom_pi: 4.79908e+07
denom_K: 1.03341e+07
denom_p: 3.49601e+06
denom_allcharges: 7.15945e+07
denom_allcharges_phi0: 6.31029e+06
denom_allcharges_phi45: 1.1892e+07
denom_allcharges_phi90 5.6538e+06
