denom_pi: 2.39877e+07
denom_K: 5.16761e+06
denom_p: 1.74871e+06
denom_allcharges: 3.57934e+07
denom_allcharges_phi0: 3.15522e+06
denom_allcharges_phi45: 5.94496e+06
denom_allcharges_phi90 2.82643e+06
