denom_pi: 3.58673e+06
denom_K: 774438
denom_p: 263493
denom_allcharges: 5.35676e+06
denom_allcharges_phi0: 472779
denom_allcharges_phi45: 889152
denom_allcharges_phi90 422829
