denom_pi: 7.17206e+06
denom_K: 1.54919e+06
denom_p: 525694
denom_allcharges: 1.07103e+07
denom_allcharges_phi0: 945045
denom_allcharges_phi45: 1.77747e+06
denom_allcharges_phi90 845859
