denom_pi: 1.39891e+08
denom_K: 2.25954e+07
denom_p: 1.18353e+07
denom_allcharges: 1.74322e+08
denom_allcharges_phi0: 1.52503e+07
denom_allcharges_phi45: 2.89732e+07
denom_allcharges_phi90 1.38708e+07
