denom_pi: 2.79755e+08
denom_K: 4.51861e+07
denom_p: 2.36704e+07
denom_allcharges: 3.48611e+08
denom_allcharges_phi0: 3.04907e+07
denom_allcharges_phi45: 5.79512e+07
denom_allcharges_phi90 2.77364e+07
