denom_pi: 1.04924e+08
denom_K: 1.69451e+07
denom_p: 8.87974e+06
denom_allcharges: 1.30749e+08
denom_allcharges_phi0: 1.14401e+07
denom_allcharges_phi45: 2.17346e+07
denom_allcharges_phi90 1.04012e+07
