denom_pi: 6.52837e+06
denom_K: 1.41566e+06
denom_p: 479304
denom_allcharges: 9.75256e+06
denom_allcharges_phi0: 868648
denom_allcharges_phi45: 1.61716e+06
denom_allcharges_phi90 763955
