denom_pi: 1.37128e+07
denom_K: 2.96282e+06
denom_p: 1.00704e+06
denom_allcharges: 2.04767e+07
denom_allcharges_phi0: 1.81408e+06
denom_allcharges_phi45: 3.39839e+06
denom_allcharges_phi90 1.60907e+06
