denom_pi: 7.18909e+06
denom_K: 1.55076e+06
denom_p: 524874
denom_allcharges: 1.07318e+07
denom_allcharges_phi0: 947879
denom_allcharges_phi45: 1.78268e+06
denom_allcharges_phi90 847029
