denom_pi: 9.18657e+06
denom_K: 1.98934e+06
denom_p: 676332
denom_allcharges: 1.37143e+07
denom_allcharges_phi0: 1.2309e+06
denom_allcharges_phi45: 2.27422e+06
denom_allcharges_phi90 1.06427e+06
