denom_pi: 5.45086e+06
denom_K: 1.1831e+06
denom_p: 401061
denom_allcharges: 8.1344e+06
denom_allcharges_phi0: 736154
denom_allcharges_phi45: 1.34946e+06
denom_allcharges_phi90 624576
