denom_pi: 7.18894e+06
denom_K: 1.55118e+06
denom_p: 524587
denom_allcharges: 1.07296e+07
denom_allcharges_phi0: 945734
denom_allcharges_phi45: 1.78428e+06
denom_allcharges_phi90 846865
