denom_pi: 7.18224e+06
denom_K: 1.55057e+06
denom_p: 524863
denom_allcharges: 1.07218e+07
denom_allcharges_phi0: 944837
denom_allcharges_phi45: 1.78237e+06
denom_allcharges_phi90 846678
