denom_pi: 1.91902e+07
denom_K: 4.14866e+06
denom_p: 1.40526e+06
denom_allcharges: 2.86403e+07
denom_allcharges_phi0: 2.55393e+06
denom_allcharges_phi45: 4.75586e+06
denom_allcharges_phi90 2.23536e+06
